8 15 18 33 47 64 75 77 80 82 92 110 174 225 276 288 319 346 362 402 449 462 480 486 497 509 587 596 659 676 679 684 757 777 797 846 867 876 894 923 934 996 998 
3 4 10 14 20 46 48 49 59 78 81 85 111 118 119 121 126 141 149 159 206 236 259 286 287 292 331 366 404 413 461 512 518 532 538 556 558 576 583 603 635 636 680 700 706 732 787 815 892 893 896 898 910 945 946 968 974 979 990 
69 124 166 209 222 223 234 343 352 359 374 382 411 420 446 505 528 550 600 626 657 714 750 789 814 828 907 908 983 986 
32 37 45 52 56 71 74 79 86 109 113 140 153 155 157 162 173 193 197 215 216 239 260 270 281 298 302 306 326 332 342 360 379 390 392 394 454 455 458 491 493 494 495 535 555 562 574 585 594 611 617 639 646 652 653 719 729 772 779 783 785 786 788 801 807 834 847 854 855 864 871 877 884 899 901 913 949 958 985 994 995 
5 23 28 34 41 67 117 146 154 165 172 201 211 240 255 272 309 315 325 337 387 389 391 405 434 439 440 447 466 496 520 524 561 564 602 632 670 710 725 735 774 809 844 851 878 882 887 889 951 965 969 992 
19 25 39 51 58 65 91 102 103 104 156 207 261 285 316 322 329 336 350 354 398 444 472 473 485 489 498 604 741 781 793 837 865 873 879 881 895 906 909 924 
2 38 43 50 57 187 221 274 330 334 367 430 441 464 488 523 589 616 627 642 644 681 682 694 698 705 712 753 799 822 823 838 839 845 874 900 903 999 
22 138 143 167 195 200 273 333 339 340 349 378 467 554 557 568 588 640 645 654 660 693 697 740 742 763 766 768 775 795 872 883 922 936 987 
9 89 106 128 130 158 189 214 218 233 237 243 250 295 299 323 327 363 365 376 380 400 407 410 443 474 522 526 539 545 552 570 571 599 612 618 631 658 667 674 696 804 840 850 919 920 929 947 963 964 966 973 982 
13 27 68 94 114 131 132 133 160 220 258 265 278 304 335 386 396 401 427 438 453 470 504 510 525 537 548 593 668 669 685 755 825 868 886 888 928 939 
62 98 235 328 419 471 546 651 764 769 792 852 856 918 960 975 
12 17 42 61 70 87 97 99 107 122 123 129 135 150 168 171 176 184 186 224 226 256 266 269 279 282 283 290 294 311 320 369 383 385 397 423 426 460 482 503 508 514 530 533 542 580 581 586 595 598 607 613 621 647 649 655 665 678 686 692 695 699 709 716 722 723 736 739 747 748 754 758 759 770 778 782 784 796 802 821 832 843 857 861 862 866 880 905 944 956 972 981 989 993 1000 
83 115 116 163 204 208 262 372 428 432 435 436 484 515 516 521 559 606 614 630 718 720 738 760 762 811 950 
11 30 31 55 63 105 148 164 169 194 217 368 395 412 415 433 456 501 507 517 563 605 608 619 633 641 715 726 751 791 803 826 891 926 961 976 978 980 997 
16 21 134 147 161 182 190 191 268 289 344 377 384 393 403 422 531 534 541 565 569 590 601 624 643 717 727 743 744 752 776 806 829 849 921 942 957 988 
60 127 277 291 296 297 314 358 468 475 529 615 634 749 790 808 812 827 911 932 933 943 
40 310 355 629 672 771 935 
93 152 301 421 469 671 707 813 819 930 
29 90 136 179 192 198 199 210 244 284 409 414 451 459 463 478 481 483 499 560 582 584 592 620 648 675 816 835 853 890 912 938 940 948 959 971 
1 7 24 26 44 53 73 96 100 112 120 125 144 145 177 178 180 183 202 219 227 238 251 252 263 264 293 308 312 313 341 347 351 364 370 375 381 388 418 424 429 431 437 448 450 457 490 500 506 511 513 519 536 544 553 567 573 575 579 591 610 622 673 688 689 690 703 711 713 728 731 746 756 765 831 833 841 859 897 914 915 952 954 955 967 970 991 
88 137 151 170 213 242 248 249 307 371 543 549 551 572 597 638 677 701 730 734 761 817 830 875 916 917 984 
36 66 142 185 188 203 205 228 230 231 241 246 253 267 275 305 318 324 345 348 353 357 361 373 399 406 425 445 465 477 502 547 566 661 683 687 704 737 767 798 805 810 842 858 860 870 885 925 931 937 953 962 977 
101 356 578 625 628 650 656 824 
95 175 245 271 408 492 745 773 869 904 941 
181 229 280 300 303 338 442 820 927 
54 721 733 818 
212 257 848 863 
232 254 317 452 609 780 902 
6 196 321 416 417 476 487 666 691 702 794 800 
35 76 84 108 139 247 479 577 637 662 663 724 836 
72 540 664 708 
527 623 
